Матрица A:
                      5                       6                       7                       8                       9 
             4294967300              4294967301              4294967302              4294967303              4294967304 
       1853020188851845        1853020188851846        1853020188851847        1853020188851848        1853020188851849 
   18446744073709551620    18446744073709551621    18446744073709551622    18446744073709551623    18446744073709551624 
23283064365386962890629 23283064365386962890630 23283064365386962890631 23283064365386962890632 23283064365386962890633 
Матрица В:
  1
  2
  6
 24
120
Матрица A*B:
                     1331
             657129997466
       283512088894332851
   2822351843277561398426
3562308847904205322266803
