Матрица A:
                              3                               4                               5                               6                               7                               8                               9                              10                              11                              12 
                              4                               5                               6                               7                               8                               9                              10                              11                              12                              13 
                     4294967299                      4294967300                      4294967301                      4294967302                      4294967303                      4294967304                      4294967305                      4294967306                      4294967307                      4294967308 
               1853020188851844                1853020188851845                1853020188851846                1853020188851847                1853020188851848                1853020188851849                1853020188851850                1853020188851851                1853020188851852                1853020188851853 
           18446744073709551619            18446744073709551620            18446744073709551621            18446744073709551622            18446744073709551623            18446744073709551624            18446744073709551625            18446744073709551626            18446744073709551627            18446744073709551628 
        23283064365386962890628         23283064365386962890629         23283064365386962890630         23283064365386962890631         23283064365386962890632         23283064365386962890633         23283064365386962890634         23283064365386962890635         23283064365386962890636         23283064365386962890637 
      7958661109946400884391939       7958661109946400884391940       7958661109946400884391941       7958661109946400884391942       7958661109946400884391943       7958661109946400884391944       7958661109946400884391945       7958661109946400884391946       7958661109946400884391947       7958661109946400884391948 
   1104427674243920646305299204    1104427674243920646305299205    1104427674243920646305299206    1104427674243920646305299207    1104427674243920646305299208    1104427674243920646305299209    1104427674243920646305299210    1104427674243920646305299211    1104427674243920646305299212    1104427674243920646305299213 
  79228162514264337593543950339   79228162514264337593543950340   79228162514264337593543950341   79228162514264337593543950342   79228162514264337593543950343   79228162514264337593543950344   79228162514264337593543950345   79228162514264337593543950346   79228162514264337593543950347   79228162514264337593543950348 
3433683820292512484657849089284 3433683820292512484657849089285 3433683820292512484657849089286 3433683820292512484657849089287 3433683820292512484657849089288 3433683820292512484657849089289 3433683820292512484657849089290 3433683820292512484657849089291 3433683820292512484657849089292 3433683820292512484657849089293 
Матрица В
     1
     1
     2
     6
    24
   120
   720
  5040
 40320
362880
Матрица A*B
                              4856141
                              5265255
                     1757131255191885
                758096501541936935015
            7546821254971609504684365
         9525427594780921936040012391
      3255999681334611851417127360845
    451836823520627351292546182174055
  32413350478860740210245139702618445
1404768122455150952648311272316963175
